100
5.75
1.03
3.69
-0.49
3.33
-2.1
-7.25
3.09
0.88
1.54
1.79
1.7
3.96
1.99
0.01
2.61
-7.5
-1.94
-5.73
-9.49
-2.21
-9.63
-0.9
-1.17
3.66
0.59
-6.88
3.51
3.2
-1.27
-1.17
1.98
-4.76
5.83
-3.11
-3.87
-3.04
-3.12
2.15
4.98
-1.86
0.96
0.56
-7.24
6.93
-2.69
9.86
-7.11
-6.07
0.19
1.38
2.76
-1.66
2.53
5.82
-4.67
-0.22
7.69
-0.37
-3.14
1.63
2.44
2.42
-5.32
-6.17
-6.46
9.53
1.78
4.41
-9.26
-1.93
3.12
7.37
1.12
-7.8
-3.94
3.03
1.81
0.79
-8.01
6.08
-11.15
3.7
1.13
3.03
-1.55
2.75
0.97
0.98
-0.21
8.78
12.33
-1.39
-2.75
-9.45
2.9
6.87
10.31
-9.95
-0.98