10
14  4 -2 10  0 -4 -4  3  9 -2
13  5 -4 10 15 -1  9 11 -1  8
 8 11  0 -2  2  9 12  1 11  9
11 14  8 11  4 -1 -1 10  6 15
14 11 12  0 -1 -3 -5 -3 11 -3
 8  0  7  1 10  3 -1 13  6  8
11 -5 15  3  4 10  8 15  0 -3
10 -1 15 10  9  5 -1  9  1  6
 7  3 -3 11 -2 11  7 10 -2  8
10  0  0 -4  8  7 -2  4 12 14
10
8  8  8  5 10  2 15 -3 14 13
14  9  8 -1 11 -4 11 -2 -1  0
 3  7  8 14 15  9  1  8 12 -2
12 -4 11  9  8 15  3 -5 -3 13
12  0  9 -4  2  3 -1  2  5 -5
11 13 14 -4  7 12 14  6  2  2
13 14  7  5 11  5  3 -2  3  4
 3  0  5 14 -5  7 12  0 -5 10
 6  1 10  9 12 -2 -1 10  5  5
-5  5 11 -5 12  6  2 11 -2  2